80 143 141 86
86 44 98 30
49 136 107 65
56 59 113 24
====================
71 56 68 130
104 125 73 179
46 27 60 64
125 83 107 141
====================
189 151 129 136
140 100 75 122
120 64 57 85
123 89 94 65
====================
7 118 120 90
17 158 136 128
55 148 182 140
8 53 83 57
====================
32 15 49 50
41 15 26 45
114 14 112 100
155 75 116 112
====================
232 139 76 102
94 17 98 80
255 132 124 137
170 76 54 62
====================
99 18 45 81
48 63 71 42
162 93 105 144
28 61 44 24
====================
70 38 108 118
66 61 131 140
83 44 109 136
45 42 87 99
====================
63 175 136 190
56 105 122 148
15 82 78 104
87 114 174 204
====================
46 68 106 46
82 102 222 58
96 138 212 100
77 118 181 75
====================
163 36 121 150
83 18 66 78
141 34 116 126
102 38 137 93
====================
